Mat Object: 1 MPI processes
  type: seqdense
7.9577471545947673e-02 -2.4363573953246097e-18 2.4363573953246097e-18 4.5944074618482676e-02 1.4578152280956352e-02 -7.1648255485974744e-03 4.0609208397587290e-02 6.1841482095256473e-03 -9.6790978637946758e-03 3.9788735772973836e-02 0.0000000000000000e+00 0.0000000000000000e+00 1.9894367886486918e-02 0.0000000000000000e+00 0.0000000000000000e+00 1.9894367886486918e-02 0.0000000000000000e+00 0.0000000000000000e+00 1.9894367886486918e-02 -0.0000000000000000e+00 0.0000000000000000e+00 1.9894367886486922e-02 -0.0000000000000000e+00 0.0000000000000000e+00 1.9894367886486918e-02 -0.0000000000000000e+00 -0.0000000000000000e+00 1.9894367886486922e-02 0.0000000000000000e+00 -0.0000000000000000e+00 1.9894367886486922e-02 0.0000000000000000e+00 -0.0000000000000000e+00 
-2.4363573953246097e-18 1.1936620731892150e-01 1.4918386428816330e-34 1.4578152280956352e-02 5.2960770465484204e-02 -9.0936573459178428e-03 6.1841482095256473e-03 2.6719898011238263e-02 -3.6849385943562027e-03 0.0000000000000000e+00 1.9894367886486918e-02 0.0000000000000000e+00 0.0000000000000000e+00 3.9788735772973836e-02 0.0000000000000000e+00 0.0000000000000000e+00 2.5702062699197083e-02 9.0449487637530163e-03 -0.0000000000000000e+00 2.3339638499672341e-02 -7.5280536295336074e-03 -0.0000000000000000e+00 3.9392542287878377e-02 -2.7793973571777274e-03 -0.0000000000000000e+00 2.8394236229687956e-02 9.8413284649276050e-03 0.0000000000000000e+00 2.1495152988468356e-02 -5.4114780590242091e-03 0.0000000000000000e+00 3.8235522378476654e-02 -5.3373895143132167e-03 
2.4363573953246097e-18 1.4918386428816330e-34 1.1936620731892150e-01 -7.1648255485974744e-03 -9.0936573459178428e-03 3.8927378771481148e-02 -9.6790978637946758e-03 -3.6849385943562027e-03 3.0132993745383949e-02 0.0000000000000000e+00 0.0000000000000000e+00 1.9894367886486918e-02 0.0000000000000000e+00 0.0000000000000000e+00 1.9894367886486918e-02 0.0000000000000000e+00 9.0449487637530163e-03 3.3981040960263671e-02 0.0000000000000000e+00 -7.5280536295336074e-03 3.6343465159788410e-02 0.0000000000000000e+00 -2.7793973571777274e-03 2.0290561371582392e-02 -0.0000000000000000e+00 9.8413284649276050e-03 3.1288867429772799e-02 -0.0000000000000000e+00 -5.4114780590242091e-03 3.8187950670992413e-02 -0.0000000000000000e+00 -5.3373895143132167e-03 2.1447581280984104e-02 
4.5944074618482676e-02 1.4578152280956352e-02 -7.1648255485974744e-03 1.1494523667747995e-01 -1.1222266858263344e-02 -5.5154852789059466e-03 7.7514749712727954e-02 -1.5253730701251866e-02 -1.7061023332784753e-02 4.0609208397587290e-02 -1.0308310335034369e-02 5.0662967314318999e-03 3.5002555188915520e-02 -1.1250686774429379e-02 -4.0548087820975534e-03 1.9594869074508123e-02 -5.7262726477404463e-04 -5.1258258766770535e-03 1.4594681448456008e-02 1.8773608276382732e-03 -2.4992804118848292e-03 1.3987106572259564e-02 2.8145129272990283e-03 -6.9522969324308632e-04 1.6990785801921669e-02 3.6237718768617881e-03 1.8472819595953729e-03 2.7690540551706624e-02 1.5971619049034119e-03 8.6040052453579107e-03 3.9858598445270725e-02 -1.3834611176579808e-02 1.8413477557960160e-03 
1.4578152280956352e-02 5.2960770465484204e-02 -9.0936573459178428e-03 -1.1222266858263344e-02 9.0879414790253854e-02 -1.4000601377557022e-02 -1.5253730701251866e-02 5.5220739545902196e-02 8.6633585125082020e-03 -1.0308310335034369e-02 3.0907222485780237e-02 -3.2150933875426833e-03 -1.1250686774429379e-02 4.7974835357731255e-02 7.0180286541909245e-03 -5.7262726477404463e-04 1.8168084307653296e-02 1.8027449508879743e-03 1.8773608276382732e-03 1.8575536909239198e-02 -6.2923108044812470e-03 2.8145129272990283e-03 2.5254422601265258e-02 -2.9472079615714183e-03 3.6237718768617881e-03 2.7574211510499491e-02 5.9669781350416336e-03 1.5971619049034119e-03 2.4539574723518177e-02 3.5983836267692738e-03 -1.3834611176579808e-02 5.3564359629556434e-02 -2.9669680207389973e-03 
-7.1648255485974744e-03 -9.0936573459178428e-03 3.8927378771481148e-02 -5.5154852789059466e-03 -1.4000601377557022e-02 1.1248523471605686e-01 -1.7061023332784753e-02 8.6633585125082020e-03 5.7164910577670307e-02 5.0662967314318999e-03 -3.2150933875426833e-03 2.5945669270841975e-02 -4.0548087820975534e-03 7.0180286541909245e-03 3.1031577842886682e-02 -5.1258258766770535e-03 1.8027449508879743e-03 3.4103815391661796e-02 -2.4992804118848292e-03 -6.2923108044812470e-03 2.2225786913668524e-02 -6.9522969324308632e-04 -2.9472079615714183e-03 1.4051186375601484e-02 1.8472819595953729e-03 5.9669781350416336e-03 1.8910696293595989e-02 8.6040052453579107e-03 3.5983836267692738e-03 4.3256311120395019e-02 1.8413477557960160e-03 -2.9669680207389973e-03 3.1667512800122484e-02 
4.0609208397587290e-02 6.1841482095256473e-03 -9.6790978637946758e-03 7.7514749712727954e-02 -1.5253730701251866e-02 -1.7061023332784753e-02 1.1494523667747995e-01 6.7324478253706754e-03 1.0537267083004285e-02 4.5944074618482669e-02 -8.7457062696364631e-03 1.3688311470514884e-02 2.5564879353152693e-02 -7.9311372413287361e-03 -4.2222464366642107e-03 1.6846361768770773e-02 -1.2842721978465091e-03 -5.5527994247482025e-03 1.4445804723130560e-02 2.1190408630192303e-03 -4.1325486615237834e-03 1.5737623973800161e-02 4.7875142262159640e-03 -2.0722250127518547e-03 2.2184504374781169e-02 7.2874826647562384e-03 2.8875000246651613e-03 3.6131855370028942e-02 -5.9666765054019436e-04 1.1225483656824782e-02 2.9773878327743159e-02 -1.0002541252630734e-02 -1.6685480200836719e-03 
6.1841482095256473e-03 2.6719898011238263e-02 -3.6849385943562027e-03 -1.5253730701251866e-02 5.5220739545902196e-02 8.6633585125082020e-03 6.7324478253706754e-03 1.0911374074597927e-01 -1.6046612070509118e-02 -8.7457062696364631e-03 4.1117228341576072e-02 -1.0422580273301181e-02 -7.9311372413287361e-03 2.7356243862563533e-02 4.7259141804995315e-03 -1.2842721978465091e-03 1.4409799006052331e-02 2.3862739261286429e-03 2.1190408630192303e-03 1.4466652319199653e-02 -4.1529271273884148e-03 4.7875142262159640e-03 2.2103618797127546e-02 -3.8661495850798701e-03 7.2874826647562384e-03 2.6750241554872673e-02 3.9303968499242101e-03 -5.9666765054019436e-04 2.2834843930621653e-02 -5.0270323355177337e-04 -1.0002541252630734e-02 3.0931599039155249e-02 1.7679008353779445e-03 
-9.6790978637946758e-03 -3.6849385943562027e-03 3.0132993745383949e-02 -1.7061023332784753e-02 8.6633585125082020e-03 5.7164910577670307e-02 1.0537267083004285e-02 -1.6046612070509118e-02 9.4250908760331445e-02 1.3688311470514884e-02 -1.0422580273301181e-02 5.0770920895389260e-02 -4.2222464366642107e-03 4.7259141804995315e-03 2.0994912130230799e-02 -5.5527994247482025e-03 2.3862739261286429e-03 2.4175409851563020e-02 -4.1325486615237834e-03 -4.1529271273884148e-03 2.0436191039226483e-02 -2.0722250127518547e-03 -3.8661495850798701e-03 1.4844976990978819e-02 2.8875000246651613e-03 3.9303968499242101e-03 1.8388023005309853e-02 1.1225483656824782e-02 -5.0270323355177337e-04 3.2265795768332960e-02 -1.6685480200836719e-03 1.7679008353779445e-03 2.0628369522746232e-02 
3.9788735772973836e-02 -0.0000000000000000e+00 -0.0000000000000000e+00 4.0609208397587290e-02 -1.0308310335034369e-02 5.0662967314318999e-03 4.5944074618482669e-02 -8.7457062696364631e-03 1.3688311470514884e-02 7.9577471545947673e-02 2.4363573953246097e-18 -2.4363573953246097e-18 2.1101163659932174e-02 -7.0337212199773911e-03 -0.0000000000000000e+00 2.1101163659932174e-02 -3.8003357939874497e-03 -5.9186723218385747e-03 2.1101163659932174e-02 2.9270608348480986e-03 -6.3957446063346362e-03 2.1101163659932174e-02 6.9633312309569486e-03 -9.9259879525406846e-04 2.1101163659932174e-02 4.5975470063712442e-03 5.3231377705792145e-03 2.1101163659932174e-02 -1.9952007331978570e-03 6.7448060190495448e-03 2.1101163659932178e-02 -6.7535701200044547e-03 1.9653307188723401e-03 
-0.0000000000000000e+00 1.9894367886486918e-02 0.0000000000000000e+00 -1.0308310335034369e-02 3.0907222485780237e-02 -3.2150933875426833e-03 -8.7457062696364631e-03 4.1117228341576072e-02 -1.0422580273301181e-02 2.4363573953246097e-18 1.1936620731892150e-01 1.4918386428816330e-34 -7.0337212199773911e-03 2.1101163659932174e-02 0.0000000000000000e+00 -3.8003357939874497e-03 1.6120772632519428e-02 3.1978723031673185e-03 2.9270608348480986e-03 1.5285529546757855e-02 -2.6615688852896077e-03 6.9633312309569486e-03 2.0961088109945701e-02 -9.8266535943616960e-04 4.5975470063712442e-03 1.7072599712289940e-02 3.4794350467172528e-03 -1.9952007331978570e-03 1.4633405440371517e-02 -1.9132464158891167e-03 -6.7535701200044547e-03 2.0552019797992805e-02 -1.8870521597024244e-03 
-0.0000000000000000e+00 0.0000000000000000e+00 1.9894367886486918e-02 5.0662967314318999e-03 -3.2150933875426833e-03 2.5945669270841975e-02 1.3688311470514884e-02 -1.0422580273301181e-02 5.0770920895389260e-02 -2.4363573953246097e-18 1.4918386428816330e-34 1.1936620731892150e-01 -0.0000000000000000e+00 0.0000000000000000e+00 1.4067442439954782e-02 -5.9186723218385747e-03 3.1978723031673185e-03 1.9047833467367523e-02 -6.3957446063346362e-03 -2.6615688852896077e-03 1.9883076553129098e-02 -9.9259879525406846e-04 -9.8266535943616960e-04 1.4207517989941250e-02 5.3231377705792145e-03 3.4794350467172528e-03 1.8096006387597015e-02 6.7448060190495448e-03 -1.9132464158891167e-03 2.0535200659515439e-02 1.9653307188723401e-03 -1.8870521597024244e-03 1.4616586301894151e-02 
1.9894367886486918e-02 -0.0000000000000000e+00 0.0000000000000000e+00 3.5002555188915520e-02 -1.1250686774429379e-02 -4.0548087820975534e-03 2.5564879353152693e-02 -7.9311372413287361e-03 -4.2222464366642107e-03 2.1101163659932174e-02 -7.0337212199773911e-03 0.0000000000000000e+00 1.1936620731892150e-01 0.0000000000000000e+00 -0.0000000000000000e+00 2.0748131132529234e-02 -0.0000000000000000e+00 0.0000000000000000e+00 1.1821184714425240e-02 -0.0000000000000000e+00 0.0000000000000000e+00 9.9721643485230823e-03 -0.0000000000000000e+00 0.0000000000000000e+00 1.0939417235533868e-02 -0.0000000000000000e+00 -0.0000000000000000e+00 1.6620963968400841e-02 -0.0000000000000000e+00 -0.0000000000000000e+00 7.0487410538012260e-02 -0.0000000000000000e+00 -0.0000000000000000e+00 
-0.0000000000000000e+00 3.9788735772973836e-02 -0.0000000000000000e+00 -1.1250686774429379e-02 4.7974835357731255e-02 7.0180286541909245e-03 -7.9311372413287361e-03 2.7356243862563533e-02 4.7259141804995315e-03 -7.0337212199773911e-03 2.1101163659932174e-02 -0.0000000000000000e+00 0.0000000000000000e+00 7.9577471545947673e-02 2.4363573953246097e-18 -0.0000000000000000e+00 2.5517065152113810e-02 -8.7294751685063742e-03 -0.0000000000000000e+00 2.0191451383211611e-02 -5.3744864214289746e-03 -0.0000000000000000e+00 1.9894430462736784e-02 -7.0363595661894886e-04 -0.0000000000000000e+00 1.9984365999286879e-02 4.1394891305332948e-03 -0.0000000000000000e+00 2.2574076470710205e-02 7.9691229088004693e-03 -0.0000000000000000e+00 7.1891157216255760e-02 9.8476374661154685e-03 
0.0000000000000000e+00 -0.0000000000000000e+00 1.9894367886486918e-02 -4.0548087820975534e-03 7.0180286541909245e-03 3.1031577842886682e-02 -4.2222464366642107e-03 4.7259141804995315e-03 2.0994912130230799e-02 0.0000000000000000e+00 -0.0000000000000000e+00 1.4067442439954782e-02 -0.0000000000000000e+00 2.4363573953246097e-18 1.1936620731892150e-01 0.0000000000000000e+00 -8.7294751685063742e-03 3.6727328245473895e-02 0.0000000000000000e+00 -5.3744864214289746e-03 1.5272102760064110e-02 0.0000000000000000e+00 -7.0363595661894886e-04 1.0022062582832463e-02 -0.0000000000000000e+00 4.1394891305332948e-03 1.2833885707314720e-02 -0.0000000000000000e+00 7.9691229088004693e-03 2.7288815434492322e-02 -0.0000000000000000e+00 9.8476374661154685e-03 1.3957107439778102e-01 
1.9894367886486918e-02 -0.0000000000000000e+00 -0.0000000000000000e+00 1.9594869074508123e-02 -5.7262726477404463e-04 -5.1258258766770535e-03 1.6846361768770773e-02 -1.2842721978465091e-03 -5.5527994247482025e-03 2.1101163659932174e-02 -3.8003357939874497e-03 -5.9186723218385747e-03 2.0748131132529234e-02 0.0000000000000000e+00 -0.0000000000000000e+00 1.1936620731892150e-01 0.0000000000000000e+00 0.0000000000000000e+00 2.0748131132529230e-02 -0.0000000000000000e+00 0.0000000000000000e+00 1.1821184714425240e-02 -0.0000000000000000e+00 -0.0000000000000000e+00 9.9721643485230823e-03 -0.0000000000000000e+00 -0.0000000000000000e+00 1.0939417235533868e-02 -0.0000000000000000e+00 -0.0000000000000000e+00 1.6620963968400848e-02 0.0000000000000000e+00 -0.0000000000000000e+00 
-0.0000000000000000e+00 2.5702062699197083e-02 9.0449487637530163e-03 -5.7262726477404463e-04 1.8168084307653296e-02 1.8027449508879743e-03 -1.2842721978465091e-03 1.4409799006052331e-02 2.3862739261286429e-03 -3.8003357939874497e-03 1.6120772632519428e-02 3.1978723031673185e-03 0.0000000000000000e+00 2.5517065152113810e-02 -8.7294751685063742e-03 0.0000000000000000e+00 8.6620808082836051e-02 -1.5186733251575775e-02 -0.0000000000000000e+00 4.1392443768636863e-02 -1.4639882163248539e-03 -0.0000000000000000e+00 2.1595198061455104e-02 4.4731510446864801e-03 -0.0000000000000000e+00 1.3543883556334360e-02 4.7812752323645518e-03 -0.0000000000000000e+00 1.1157274161885548e-02 1.5283213584363065e-03 0.0000000000000000e+00 1.8666154850033152e-02 -5.4598752925136091e-03 
-0.0000000000000000e+00 9.0449487637530163e-03 3.3981040960263671e-02 -5.1258258766770535e-03 1.8027449508879743e-03 3.4103815391661796e-02 -5.5527994247482025e-03 2.3862739261286429e-03 2.4175409851563020e-02 -5.9186723218385747e-03 3.1978723031673185e-03 1.9047833467367523e-02 -0.0000000000000000e+00 -8.7294751685063742e-03 3.6727328245473895e-02 0.0000000000000000e+00 -1.5186733251575775e-02 1.1232287078203312e-01 0.0000000000000000e+00 -1.4639882163248539e-03 2.0851949628950824e-02 -0.0000000000000000e+00 4.4731510446864801e-03 1.3868356081820611e-02 -0.0000000000000000e+00 4.7812752323645518e-03 1.6372609489234885e-02 -0.0000000000000000e+00 1.5283213584363065e-03 2.1660977544716055e-02 -0.0000000000000000e+00 -5.4598752925136091e-03 3.1196737055169385e-02 
1.9894367886486918e-02 0.0000000000000000e+00 -0.0000000000000000e+00 1.4594681448456008e-02 1.8773608276382732e-03 -2.4992804118848292e-03 1.4445804723130560e-02 2.1190408630192303e-03 -4.1325486615237834e-03 2.1101163659932174e-02 2.9270608348480986e-03 -6.3957446063346362e-03 1.1821184714425240e-02 0.0000000000000000e+00 -0.0000000000000000e+00 2.0748131132529230e-02 0.0000000000000000e+00 -0.0000000000000000e+00 1.1936620731892150e-01 0.0000000000000000e+00 0.0000000000000000e+00 2.0748131132529230e-02 -0.0000000000000000e+00 -0.0000000000000000e+00 1.1821184714425240e-02 -0.0000000000000000e+00 -0.0000000000000000e+00 9.9721643485230823e-03 0.0000000000000000e+00 -0.0000000000000000e+00 1.0939417235533868e-02 0.0000000000000000e+00 -0.0000000000000000e+00 
0.0000000000000000e+00 2.3339638499672341e-02 -7.5280536295336074e-03 1.8773608276382732e-03 1.8575536909239198e-02 -6.2923108044812470e-03 2.1190408630192303e-03 1.4466652319199653e-02 -4.1529271273884148e-03 2.9270608348480986e-03 1.5285529546757855e-02 -2.6615688852896077e-03 0.0000000000000000e+00 2.0191451383211611e-02 -5.3744864214289746e-03 0.0000000000000000e+00 4.1392443768636863e-02 -1.4639882163248539e-03 0.0000000000000000e+00 8.7802020182598417e-02 -1.6112144248331291e-02 -0.0000000000000000e+00 2.8179466588128425e-02 9.9479432984381378e-03 -0.0000000000000000e+00 1.2056601913739556e-02 1.6515111081413280e-03 0.0000000000000000e+00 1.1199227931267881e-02 -3.2757891686004742e-03 0.0000000000000000e+00 1.7204968642109159e-02 -5.4115013276146958e-03 
-0.0000000000000000e+00 -7.5280536295336074e-03 3.6343465159788410e-02 -2.4992804118848292e-03 -6.2923108044812470e-03 2.2225786913668524e-02 -4.1325486615237834e-03 -4.1529271273884148e-03 2.0436191039226483e-02 -6.3957446063346362e-03 -2.6615688852896077e-03 1.9883076553129098e-02 -0.0000000000000000e+00 -5.3744864214289746e-03 1.5272102760064110e-02 -0.0000000000000000e+00 -1.4639882163248539e-03 2.0851949628950824e-02 0.0000000000000000e+00 -1.6112144248331291e-02 1.1114165868227076e-01 -0.0000000000000000e+00 9.9479432984381378e-03 3.4064926809459273e-02 -0.0000000000000000e+00 1.6515111081413280e-03 2.3406952229536159e-02 -0.0000000000000000e+00 -3.2757891686004742e-03 1.8717265114301364e-02 -0.0000000000000000e+00 -5.4115013276146958e-03 1.5613283064492448e-02 
1.9894367886486922e-02 0.0000000000000000e+00 -0.0000000000000000e+00 1.3987106572259564e-02 2.8145129272990283e-03 -6.9522969324308632e-04 1.5737623973800161e-02 4.7875142262159640e-03 -2.0722250127518547e-03 2.1101163659932174e-02 6.9633312309569486e-03 -9.9259879525406846e-04 9.9721643485230823e-03 0.0000000000000000e+00 -0.0000000000000000e+00 1.1821184714425240e-02 0.0000000000000000e+00 0.0000000000000000e+00 2.0748131132529230e-02 0.0000000000000000e+00 0.0000000000000000e+00 1.1936620731892150e-01 0.0000000000000000e+00 0.0000000000000000e+00 2.0748131132529234e-02 0.0000000000000000e+00 -0.0000000000000000e+00 1.1821184714425241e-02 0.0000000000000000e+00 -0.0000000000000000e+00 9.9721643485230788e-03 0.0000000000000000e+00 -0.0000000000000000e+00 
0.0000000000000000e+00 3.9392542287878377e-02 -2.7793973571777274e-03 2.8145129272990283e-03 2.5254422601265258e-02 -2.9472079615714183e-03 4.7875142262159640e-03 2.2103618797127546e-02 -3.8661495850798701e-03 6.9633312309569486e-03 2.0961088109945701e-02 -9.8266535943616960e-04 0.0000000000000000e+00 1.9894430462736784e-02 -7.0363595661894886e-04 0.0000000000000000e+00 2.1595198061455104e-02 4.4731510446864801e-03 0.0000000000000000e+00 2.8179466588128425e-02 9.9479432984381378e-03 0.0000000000000000e+00 7.9775568288495399e-02 -2.8004957824125749e-03 0.0000000000000000e+00 2.3301165281681708e-02 -6.8156220512658981e-03 0.0000000000000000e+00 1.8591768459441230e-02 -5.8476932910374400e-03 0.0000000000000000e+00 1.9501216879998055e-02 -2.0548566329475896e-03 
-0.0000000000000000e+00 -2.7793973571777274e-03 2.0290561371582392e-02 -6.9522969324308632e-04 -2.9472079615714183e-03 1.4051186375601484e-02 -2.0722250127518547e-03 -3.8661495850798701e-03 1.4844976990978819e-02 -9.9259879525406846e-04 -9.8266535943616960e-04 1.4207517989941250e-02 -0.0000000000000000e+00 -7.0363595661894886e-04 1.0022062582832463e-02 0.0000000000000000e+00 4.4731510446864801e-03 1.3868356081820611e-02 0.0000000000000000e+00 9.9479432984381378e-03 3.4064926809459273e-02 0.0000000000000000e+00 -2.8004957824125749e-03 1.1916811057637378e-01 -0.0000000000000000e+00 -6.8156220512658981e-03 3.8943228115905996e-02 -0.0000000000000000e+00 -5.8476932910374400e-03 1.6871785683834493e-02 -0.0000000000000000e+00 -2.0548566329475896e-03 1.0415276165571183e-02 
1.9894367886486918e-02 0.0000000000000000e+00 0.0000000000000000e+00 1.6990785801921669e-02 3.6237718768617881e-03 1.8472819595953729e-03 2.2184504374781169e-02 7.2874826647562384e-03 2.8875000246651613e-03 2.1101163659932174e-02 4.5975470063712442e-03 5.3231377705792145e-03 1.0939417235533868e-02 0.0000000000000000e+00 0.0000000000000000e+00 9.9721643485230823e-03 0.0000000000000000e+00 0.0000000000000000e+00 1.1821184714425240e-02 0.0000000000000000e+00 0.0000000000000000e+00 2.0748131132529234e-02 -0.0000000000000000e+00 0.0000000000000000e+00 1.1936620731892150e-01 0.0000000000000000e+00 -0.0000000000000000e+00 2.0748131132529227e-02 0.0000000000000000e+00 -0.0000000000000000e+00 1.1821184714425240e-02 0.0000000000000000e+00 0.0000000000000000e+00 
0.0000000000000000e+00 2.8394236229687956e-02 9.8413284649276050e-03 3.6237718768617881e-03 2.7574211510499491e-02 5.9669781350416336e-03 7.2874826647562384e-03 2.6750241554872673e-02 3.9303968499242101e-03 4.5975470063712442e-03 1.7072599712289940e-02 3.4794350467172528e-03 0.0000000000000000e+00 1.9984365999286879e-02 4.1394891305332948e-03 0.0000000000000000e+00 1.3543883556334360e-02 4.7812752323645518e-03 0.0000000000000000e+00 1.2056601913739556e-02 1.6515111081413280e-03 -0.0000000000000000e+00 2.3301165281681708e-02 -6.8156220512658981e-03 0.0000000000000000e+00 8.5274721317590632e-02 1.3936560222524453e-02 0.0000000000000000e+00 4.0574321774993330e-02 -4.2753441869676388e-03 0.0000000000000000e+00 2.2691186838551841e-02 3.2154870201850281e-03 
0.0000000000000000e+00 9.8413284649276050e-03 3.1288867429772799e-02 1.8472819595953729e-03 5.9669781350416336e-03 1.8910696293595989e-02 2.8875000246651613e-03 3.9303968499242101e-03 1.8388023005309853e-02 5.3231377705792145e-03 3.4794350467172528e-03 1.8096006387597015e-02 0.0000000000000000e+00 4.1394891305332948e-03 1.2833885707314720e-02 0.0000000000000000e+00 4.7812752323645518e-03 1.6372609489234885e-02 0.0000000000000000e+00 1.6515111081413280e-03 2.3406952229536159e-02 0.0000000000000000e+00 -6.8156220512658981e-03 3.8943228115905996e-02 -0.0000000000000000e+00 1.3936560222524453e-02 1.1366895754727857e-01 -0.0000000000000000e+00 -4.2753441869676388e-03 2.1670071622594350e-02 0.0000000000000000e+00 3.2154870201850281e-03 1.2772367304723873e-02 
1.9894367886486922e-02 -0.0000000000000000e+00 0.0000000000000000e+00 2.7690540551706624e-02 1.5971619049034119e-03 8.6040052453579107e-03 3.6131855370028942e-02 -5.9666765054019436e-04 1.1225483656824782e-02 2.1101163659932174e-02 -1.9952007331978570e-03 6.7448060190495448e-03 1.6620963968400841e-02 0.0000000000000000e+00 0.0000000000000000e+00 1.0939417235533868e-02 0.0000000000000000e+00 0.0000000000000000e+00 9.9721643485230823e-03 -0.0000000000000000e+00 0.0000000000000000e+00 1.1821184714425241e-02 -0.0000000000000000e+00 0.0000000000000000e+00 2.0748131132529227e-02 -0.0000000000000000e+00 0.0000000000000000e+00 1.1936620731892150e-01 0.0000000000000000e+00 -0.0000000000000000e+00 2.0748131132529234e-02 0.0000000000000000e+00 0.0000000000000000e+00 
-0.0000000000000000e+00 2.1495152988468356e-02 -5.4114780590242091e-03 1.5971619049034119e-03 2.4539574723518177e-02 3.5983836267692738e-03 -5.9666765054019436e-04 2.2834843930621653e-02 -5.0270323355177337e-04 -1.9952007331978570e-03 1.4633405440371517e-02 -1.9132464158891167e-03 0.0000000000000000e+00 2.2574076470710205e-02 7.9691229088004693e-03 0.0000000000000000e+00 1.1157274161885548e-02 1.5283213584363065e-03 -0.0000000000000000e+00 1.1199227931267881e-02 -3.2757891686004742e-03 -0.0000000000000000e+00 1.8591768459441230e-02 -5.8476932910374400e-03 -0.0000000000000000e+00 4.0574321774993330e-02 -4.2753441869676388e-03 0.0000000000000000e+00 8.8724262938200391e-02 1.6741429840472614e-02 0.0000000000000000e+00 3.1076284217689328e-02 1.0373963968379495e-02 
0.0000000000000000e+00 -5.4114780590242091e-03 3.8187950670992413e-02 8.6040052453579107e-03 3.5983836267692738e-03 4.3256311120395019e-02 1.1225483656824782e-02 -5.0270323355177337e-04 3.2265795768332960e-02 6.7448060190495448e-03 -1.9132464158891167e-03 2.0535200659515439e-02 0.0000000000000000e+00 7.9691229088004693e-03 2.7288815434492322e-02 0.0000000000000000e+00 1.5283213584363065e-03 2.1660977544716055e-02 0.0000000000000000e+00 -3.2757891686004742e-03 1.8717265114301364e-02 0.0000000000000000e+00 -5.8476932910374400e-03 1.6871785683834493e-02 0.0000000000000000e+00 -4.2753441869676388e-03 2.1670071622594350e-02 -0.0000000000000000e+00 1.6741429840472614e-02 1.1021941592666877e-01 0.0000000000000000e+00 1.0373963968379495e-02 3.1168109179898377e-02 
1.9894367886486922e-02 -0.0000000000000000e+00 0.0000000000000000e+00 3.9858598445270725e-02 -1.3834611176579808e-02 1.8413477557960160e-03 2.9773878327743159e-02 -1.0002541252630734e-02 -1.6685480200836719e-03 2.1101163659932178e-02 -6.7535701200044547e-03 1.9653307188723401e-03 7.0487410538012260e-02 0.0000000000000000e+00 0.0000000000000000e+00 1.6620963968400848e-02 -0.0000000000000000e+00 0.0000000000000000e+00 1.0939417235533868e-02 -0.0000000000000000e+00 0.0000000000000000e+00 9.9721643485230788e-03 -0.0000000000000000e+00 0.0000000000000000e+00 1.1821184714425240e-02 -0.0000000000000000e+00 -0.0000000000000000e+00 2.0748131132529234e-02 -0.0000000000000000e+00 -0.0000000000000000e+00 1.1936620731892150e-01 0.0000000000000000e+00 -0.0000000000000000e+00 
-0.0000000000000000e+00 3.8235522378476654e-02 -5.3373895143132167e-03 -1.3834611176579808e-02 5.3564359629556434e-02 -2.9669680207389973e-03 -1.0002541252630734e-02 3.0931599039155249e-02 1.7679008353779445e-03 -6.7535701200044547e-03 2.0552019797992805e-02 -1.8870521597024244e-03 0.0000000000000000e+00 7.1891157216255760e-02 9.8476374661154685e-03 -0.0000000000000000e+00 1.8666154850033152e-02 -5.4598752925136091e-03 -0.0000000000000000e+00 1.7204968642109159e-02 -5.4115013276146958e-03 -0.0000000000000000e+00 1.9501216879998055e-02 -2.0548566329475896e-03 -0.0000000000000000e+00 2.2691186838551841e-02 3.2154870201850281e-03 -0.0000000000000000e+00 3.1076284217689328e-02 1.0373963968379495e-02 0.0000000000000000e+00 8.0354078243196250e-02 5.5042784008564423e-03 
0.0000000000000000e+00 -5.3373895143132167e-03 2.1447581280984104e-02 1.8413477557960160e-03 -2.9669680207389973e-03 3.1667512800122484e-02 -1.6685480200836719e-03 1.7679008353779445e-03 2.0628369522746232e-02 1.9653307188723401e-03 -1.8870521597024244e-03 1.4616586301894151e-02 0.0000000000000000e+00 9.8476374661154685e-03 1.3957107439778102e-01 0.0000000000000000e+00 -5.4598752925136091e-03 3.1196737055169385e-02 0.0000000000000000e+00 -5.4115013276146958e-03 1.5613283064492448e-02 0.0000000000000000e+00 -2.0548566329475896e-03 1.0415276165571183e-02 -0.0000000000000000e+00 3.2154870201850281e-03 1.2772367304723873e-02 -0.0000000000000000e+00 1.0373963968379495e-02 3.1168109179898377e-02 -0.0000000000000000e+00 5.5042784008564423e-03 1.1858960062167291e-01 
